BIGRAPA	Depth	Temp	Salinity ox 	Volts	chl
2	1.5	19.551	34.813	271.3	100.66	0.5929
3	2.5	19.56	34.813	271.5	93.63	0.6557
4	3.5	19.551	34.812	272.4	73.32	0.6058
5	4.6	19.545	34.813	271.7	62.69	0.5857
6	5.6	19.549	34.812	272	52.98	0.6297
7	6.6	19.518	34.81	274.4	45.99	0.661
8	7.6	19.384	34.795	276.3	38.24	0.6122
9	8.6	18.688	34.749	287.8	34.89	0.5006
10	9.6	18.135	34.723	298.7	29.84	0.4929
11	10.6	17.56	34.71	280.7	27.09	0.525
12	11.6	17.07	34.73	271.2	23.32	0.6354
13	12.6	16.875	34.763	265.9	20.81	0.6966
14	13.6	16.446	34.784	252.4	18.39	0.875
15	14.6	16.173	34.797	240.6	16.92	0.8172
16	15.7	16.064	34.791	240	14.95	0.8453
17	16.7	15.995	34.784	237.4	13.23	1.4714
18	17.7	15.947	34.779	234.2	11.63	1.0254
19	18.7	15.835	34.762	220.4	10.33	1.2244
20	19.7	15.721	34.744	209.3	9.06	1.0697
21	20.7	15.594	34.743	208.6	7.94	1.1466
22	21.7	15.542	34.749	212.9	7.05	0.9134
23	22.7	15.513	34.757	221.6	6.27	0.8706
24	23.7	15.474	34.755	212.9	5.59	0.885
25	24.7	15.247	34.726	199	5.03	1.0815
26	25.8	15.097	34.708	191.1	4.59	1.0171
27	26.8	14.982	34.703	192	4.14	1.1528
28	27.8	14.925	34.735	199.3	3.71	1.1694
29	28.8	14.871	34.734	196.8	3.34	1.1694
30	29.8	14.787	34.726	190.5	3.01	1.1079
31	30.8	14.706	34.721	184.5	2.74	1.2832
32	31.8	14.631	34.712	176.7	2.5	1.9674
33	32.8	14.491	34.697	168	2.28	1.4193
34	33.8	14.207	34.648	154.9	2.07	1.3445
35	34.8	13.691	34.57	155.9	1.86	1.3858
36	35.8	13.434	34.525	159.5	1.64	1.1725
37	36.9	13.277	34.501	144.4	1.47	1.1235
38	37.9	13.214	34.527	114.8	1.35	1.0217
39	38.9	13.153	34.539	106.2	1.23	0.933
40	39.9	13.109	34.541	98.7	1.11	0.8971
41	40.9	13.052	34.551	88.8	1	0.8204
42	41.9	13.023	34.551	83.3	0.91	0.7793
43	42.9	12.97	34.582	67.5	0.83	0.6975
44	43.9	12.944	34.591	65	0.76	0.6263
45	44.9	12.934	34.596	60.7	0.69	0.69
46	45.9	12.939	34.606	49.5	0.63	0.5393
47	47.0	12.961	34.629	38	0.58	0.3953
48	48.0	13.007	34.662	31	0.53	0.3765
49	49.0	13.081	34.698	24.2	0.48	0.7193
50	50.0	13.063	34.697	23.7	0.45	0.464
51	51.0	12.994	34.696	21.4	0.41	0.3592
52	52.0	12.997	34.718	18.5	0.37	0.5366
53	53.0	12.999	34.727	17.8	0.33	0.7306
54	54.0	13.001	34.731	16.2	0.31	0.7855
55	55.0	12.936	34.727	19.5	0.28	0.2859
56	56.0	12.861	34.73	19.8	0.26	0.3036
57	57.0	12.855	34.733	18.9	0.23	0.3016
58	58.1	12.844	34.731	19.2	0.22	0.3143
59	59.1	12.845	34.735	19.1	0.2	0.335
60	60.1	12.854	34.74	17.4	0.18	0.2634
61	61.1	12.863	34.75	14.9	0.17	0.2843
62	62.1	12.863	34.76	14.9	0.15	0.2053
63	63.1	12.865	34.767	14.8	0.14	0.1283
64	64.1	12.836	34.767	14.8	0.14	0.1374
65	65.1	12.799	34.768	14.2	0.13	0.1406
66	66.1	12.774	34.779	13.1	0.12	0.1152
67	67.1	12.778	34.781	12.7	0.11	0.1195
68	68.2	12.795	34.794	9.9	0.1	0.0873
69	69.2	12.826	34.814	8.1	0.09	0.1032
70	70.2	12.835	34.818	8.1	0.09	0.0955
71	71.2	12.798	34.812	8.4	0.08	0.1079
72	72.2	12.732	34.809	8.2	0.08	0.1053
73	73.2	12.723	34.81	8.2	0.07	0.1054
74	74.2	12.702	34.813	7.9	0.06	0.1042
75	75.2	12.678	34.82	7.8	0.06	0.0911
76	76.2	12.67	34.823	7.7	0.06	0.0893
77	77.2	12.667	34.823	7.6	0.05	0.0855
78	78.3	12.651	34.825	7.5	0.05	0.092
79	79.3	12.641	34.827	7.3	0.04	0.0836
80	80.3	12.638	34.828	7.3	0.04	0.0835
81	81.3	12.631	34.829	7.2	0.04	0.0818
82	82.3	12.617	34.832	7.1	0.03	0.0801
83	83.3	12.612	34.834	7.1	0.03	0.0807
84	84.3	12.596	34.833	6.9	0.03	0.082
85	85.3	12.58	34.832	6.8	0.03	0.0817
86	86.3	12.563	34.833	6.8	0.02	0.0795
87	87.3	12.538	34.835	6.8	0.02	0.0794
88	88.3	12.514	34.834	6.6	0.02	0.0762
89	89.4	12.48	34.832	6.7	0.02	0.0766
90	90.4	12.463	34.831	6.6	0.02	0.0769
91	91.4	12.434	34.826	6.6	0.01	0.0773
92	92.4	12.378	34.818	7.1	0.01	0.0743
93	93.4	12.319	34.809	7.7	0.01	0.0737
94	94.4	12.282	34.802	8.1	0.01	0.0741
95	95.4	12.265	34.8	8.1	0.01	0.0787
96	96.4	12.251	34.797	8.1	0.01	0.1256
97	97.4	12.237	34.795	8.1	0.01	0.0733
98	98.4	12.235	34.794	8	0.01	0.0731
99	99.5	12.23	34.793	7.9	0.01	0.0745
100	100.5	12.22	34.791	8.1	0	0.0746
101	101.5	12.204	34.788	8.5	0	0.075
102	102.5	12.185	34.785	8.2	0	0.0733
103	103.5	12.182	34.786	7.4	0	0.0738
104	104.5	12.235	34.807	6.3	0	0.0727
105	105.5	12.317	34.834	5.7	0	0.0757
106	106.5	12.318	34.833	5.7	0	0.0737
107	107.5	12.293	34.835	5.9	0	0.0755
108	108.5	12.286	34.835	6	0	0.0742
109	109.5	12.266	34.832	5.9	0	0.0765
110	110.6	12.265	34.836	5.9	0	0.0759
111	111.6	12.272	34.839	5.9	0	0.0733
112	112.6	12.269	34.839	5.8	0	0.074
113	113.6	12.268	34.839	5.9	0	0.0733
114	114.6	12.255	34.837	6	0	0.0763
115	115.6	12.234	34.837	5.8	0	0.0738
116	116.6	12.222	34.837	5.8	0	0.0743
117	117.6	12.204	34.836	5.8	0	0.074
118	118.6	12.173	34.834	5.8	0	0.0742
119	119.6	12.159	34.834	5.7	0	0.0764
120	120.7	12.153	34.833	5.6	0	0.0737
121	121.7	12.148	34.833	5.6	0	0.0744
122	122.7	12.142	34.832	5.7	0	0.076
123	123.7	12.126	34.832	5.7	0	0.0977
124	124.7	12.111	34.832	5.7	0	0.0812
125	125.7	12.1	34.832	5.6	0	0.0733
126	126.7	12.096	34.832	5.5	0	0.0739
127	127.7	12.093	34.832	5.5	0	0.0745
128	128.7	12.091	34.832	5.5	0	0.0754
129	129.7	12.086	34.831	5.5	0	0.0748
130	130.8	12.076	34.83	5.5	0	0.0733
131	131.8	12.066	34.83	5.5	0	0.0744
132	132.8	12.056	34.829	5.4	0	0.0739
133	133.8	12.052	34.829	5.3	0	0.0757
134	134.8	12.046	34.828	5.3	0	0.0733
135	135.8	12.031	34.827	5.4	0	0.0738
136	136.8	12.017	34.827	5.4	0	0.0753
137	137.8	12.005	34.826	5.4	0	0.0754
138	138.8	11.995	34.825	5.4	0	0.074
139	139.8	11.98	34.824	5.4	0	0.0753
140	140.8	11.964	34.824	5.4	0	0.0733
141	141.9	11.95	34.823	5.3	0	0.0756
142	142.9	11.939	34.822	5.2	0	0.0736
143	143.9	11.926	34.821	5.2	0	0.0764
144	144.9	11.905	34.82	5.2	0	0.0759
145	145.9	11.886	34.818	5.2	0	0.0733
146	146.9	11.863	34.817	5.2	0	0.0788
147	147.9	11.844	34.817	5.2	0	0.0739
148	148.9	11.831	34.815	5.2	0	0.0746
149	149.9	11.821	34.816	5.2	0	0.0765
150	150.9	11.817	34.816	5.1	0	0.0744
151	152.0	11.815	34.815	5.1	0	0.0737
152	153.0	11.798	34.815	5.1	0	0.0733
153	154.0	11.776	34.815	5.1	0	0.0733
154	155.0	11.762	34.815	5.1	0	0.0772
155	156.0	11.759	34.814	5.1	0	0.0831
156	157.0	11.753	34.814	5.1	0	0.0733
157	158.0	11.742	34.813	5	0	0.0738
158	159.0	11.731	34.813	4.9	0	0.0743
159	160.0	11.721	34.812	5	0	0.0745
160	161.0	11.708	34.812	4.9	0	0.0733
161	162.0	11.706	34.811	4.8	0	0.0733
162	163.1	11.703	34.811	4.9	0	0.0781
163	164.1	11.699	34.811	5	0	0.0733
164	165.1	11.696	34.81	5	0	0.0733
165	166.1	11.694	34.81	4.9	0	0.0737
166	167.1	11.693	34.81	5	0	0.0733
167	168.1	11.686	34.81	5	0	0.0736
168	169.1	11.68	34.809	4.8	0	0.0737
169	170.1	11.675	34.809	4.7	0	0.0762
170	171.1	11.671	34.809	4.8	0	0.0733
171	172.1	11.668	34.809	4.8	0	0.0748
172	173.2	11.666	34.809	4.8	0	0.0733
173	174.2	11.665	34.808	4.8	0	0.0733
174	175.2	11.664	34.808	4.8	0	0.0733
175	176.2	11.662	34.808	4.8	0	0.0733
176	177.2	11.66	34.808	4.8	0	0.0733
177	178.2	11.657	34.807	4.8	0	0.0736
178	179.2	11.654	34.807	4.8	0	0.0733
179	180.2	11.65	34.807	4.8	0	0.0741
180	181.2	11.642	34.806	4.8	0	0.0733
181	182.2	11.641	34.806	4.8	0	0.0739
182	183.2	11.637	34.806	4.7	0	0.0746
183	184.3	11.638	34.806	4.8	0	0.0745
184	185.3	11.637	34.806	4.7	0	0.0758
185	186.3	11.634	34.806	4.7	0	0.075
186	187.3	11.629	34.805	4.6	0	0.0733
187	188.3	11.622	34.805	4.5	0	0.0738
188	189.3	11.617	34.804	4.6	0	0.0738
189	190.3	11.604	34.803	4.7	0	0.0757
190	191.3	11.597	34.802	4.7	0	0.0733
191	192.3	11.593	34.802	4.6	0	0.0791
192	193.3	11.59	34.803	4.6	0	0.0737
193	194.4	11.585	34.802	4.7	0	0.0741
194	195.4	11.573	34.8	4.6	0	0.0764
195	196.4	11.565	34.8	4.6	0	0.0755
196	197.4	11.558	34.802	4.4	0	0.0733
197	198.4	11.557	34.802	4.5	0	0.0745
198	199.4	11.55	34.802	4.5	0	0.0769
199	200.4	11.543	34.802	4.4	0	0.1228
200	201.4	11.513	34.799	4.4	0	0.0748
201	202.4	11.498	34.8	4.5	0	0.0745
202	203.4	11.493	34.8	4.5	0	0.0749
203	204.5	11.484	34.799	4.5	0	0.0741
204	205.5	11.464	34.799	4.5	0	0.0794
205	206.5	11.45	34.798	4.5	0	0.0786
206	207.5	11.424	34.796	4.5	0	0.08
207	208.5	11.413	34.797	4.4	0	0.0794
208	209.5	11.397	34.796	4.4	0	0.0791
209	210.5	11.389	34.795	4.4	0	0.0775
210	211.5	11.386	34.795	4.5	0	0.0779
211	212.5	11.383	34.795	4.4	0	0.0751
212	213.5	11.375	34.794	4.4	0	0.0758
213	214.5	11.361	34.793	4.3	0	0.0757
214	215.6	11.344	34.792	4.3	0	0.0746
215	216.6	11.327	34.792	4.3	0	0.0745
216	217.6	11.319	34.791	4.3	0	0.0766
217	218.6	11.301	34.789	4.3	0	0.0855
218	219.6	11.283	34.788	4.4	0	0.079
219	220.6	11.269	34.787	4.4	0	0.0738
220	221.6	11.243	34.785	4.4	0	0.0746
221	222.6	11.227	34.785	4.3	0	0.0743
222	223.6	11.204	34.783	4.2	0	0.0753
223	224.6	11.197	34.783	4.4	0	0.0773
224	225.7	11.188	34.783	4.4	0	0.0809
225	226.7	11.178	34.782	4.3	0	0.0733
226	227.7	11.154	34.78	4.3	0	0.083
227	228.7	11.132	34.779	4.2	0	0.0803
228	229.7	11.11	34.778	4.1	0	0.0742
229	230.7	11.104	34.778	4.1	0	0.0755
230	231.7	11.103	34.778	4.2	0	0.0745
231	232.7	11.099	34.777	4.2	0	0.0749
232	233.7	11.096	34.777	4.2	0	0.0738
233	234.7	11.08	34.775	4.2	0	0.0739
234	235.7	11.059	34.774	4.2	0	0.0745
235	236.8	11.042	34.775	4.2	0	0.0797
236	237.8	11.034	34.774	4.2	0	0.0758
237	238.8	11.012	34.773	4.2	0	0.0745
238	239.8	11.004	34.772	4.2	0	0.0738
239	240.8	10.995	34.771	4.2	0	0.0742
240	241.8	10.984	34.77	4.1	0	0.0737
241	242.8	10.969	34.769	4.2	0	0.0751
242	243.8	10.928	34.766	4.2	0	0.0724
243	244.8	10.908	34.765	4.1	0	0.0748
244	245.8	10.876	34.762	4	0	0.0749
245	246.9	10.844	34.761	4	0	0.0726
246	247.9	10.82	34.76	4.1	0	0.0733
247	248.9	10.811	34.759	4	0	0.0899
248	249.9	10.807	34.759	4	0	0.0763
249	250.9	10.801	34.758	4.1	0	0.0728
250	251.9	10.792	34.757	4.1	0	0.0733
251	252.9	10.779	34.757	4.1	0	0.0742
252	253.9	10.775	34.756	4	0	0.077
253	254.9	10.757	34.755	4.1	0	0.0733
254	255.9	10.75	34.754	4.1	0	0.0744
255	257.0	10.744	34.754	4.1	0	0.0738
256	258.0	10.74	34.754	4	0	0.0767
257	259.0	10.737	34.753	4	0	0.076
258	260.0	10.735	34.753	3.9	0	0.0742
259	261.0	10.733	34.753	4	0	0.0733
260	262.0	10.732	34.753	4	0	0.0733
261	263.0	10.731	34.753	3.8	0	0.0733
262	264.0	10.73	34.752	3.9	0	0.0733
263	265.0	10.726	34.752	3.9	0	0.0733
264	266.0	10.721	34.752	4	0	0.081
265	267.0	10.714	34.751	3.9	0	0.0733
266	268.1	10.696	34.749	3.8	0	0.0763
267	269.1	10.668	34.748	3.9	0	0.0757
268	270.1	10.659	34.748	3.9	0	0.081
269	271.1	10.654	34.747	3.9	0	0.0738
270	272.1	10.643	34.746	3.9	0	0.0728
271	273.1	10.638	34.745	3.9	0	0.0733
272	274.1	10.633	34.745	3.9	0	0.0733
273	275.1	10.631	34.744	3.9	0	0.0733
274	276.1	10.625	34.743	3.9	0	0.0733
275	277.1	10.611	34.741	3.9	0	0.078
276	278.2	10.597	34.741	3.8	0	0.0727
277	279.2	10.582	34.739	3.9	0	0.0733
278	280.2	10.568	34.739	3.8	0	0.0739
279	281.2	10.563	34.739	3.7	0	0.0769
280	282.2	10.563	34.74	3.8	0	0.0733
281	283.2	10.562	34.741	3.9	0	0.0738
282	284.2	10.546	34.74	3.7	0	0.0749
283	285.2	10.53	34.738	3.8	0	0.0733
284	286.2	10.52	34.736	3.8	0	0.0737
285	287.2	10.509	34.735	3.7	0	0.0832
286	288.2	10.505	34.735	3.7	0	0.0729
287	289.3	10.501	34.734	3.8	0	0.0728
288	290.3	10.495	34.734	3.8	0	0.0726
289	291.3	10.489	34.733	3.7	0	0.0797
290	292.3	10.482	34.733	3.8	0	0.0767
291	293.3	10.462	34.73	3.8	0	0.0733
292	294.3	10.404	34.727	3.8	0	0.0763
293	295.3	10.391	34.728	3.8	0	0.0844
294	296.3	10.388	34.727	3.8	0	0.0737
295	297.3	10.367	34.725	3.8	0	0.0733
296	298.3	10.344	34.723	3.7	0	0.0722
297	299.4	10.313	34.719	3.7	0	0.0733
298	300.4	10.302	34.719	3.7	0	0.0733
299	301.4	10.274	34.717	3.7	0	0.0726
300	302.4	10.253	34.717	3.6	0	0.0726
301	303.4	10.243	34.717	3.7	0	0.0788
302	304.4	10.237	34.716	3.6	0	0.0769
303	305.4	10.224	34.715	3.5	0	0.0727
304	306.4	10.211	34.714	3.7	0	0.0755
305	307.4	10.188	34.712	3.7	0	0.0733
306	308.4	10.18	34.712	3.5	0	0.0728
307	309.4	10.181	34.712	3.6	0	0.0728
308	310.5	10.181	34.712	3.5	0	0.0733
309	311.5	10.178	34.711	3.6	0	0.0729
310	312.5	10.161	34.71	3.6	0	0.0746
311	313.5	10.131	34.708	3.6	0	0.0733
312	314.5	10.115	34.708	3.6	0	0.0746
313	315.5	10.104	34.707	3.7	0	0.0733
314	316.5	10.09	34.707	3.6	0	0.0725
315	317.5	10.08	34.706	3.6	0	0.0726
316	318.5	10.073	34.706	3.6	0	0.0733
317	319.5	10.07	34.706	3.6	0	0.0885
318	320.6	10.067	34.705	3.6	0	0.0733
319	321.6	10.061	34.705	3.6	0	0.0726
320	322.6	10.052	34.704	3.6	0	0.0733
321	323.6	10.043	34.703	3.6	0	0.0733
322	324.6	10.021	34.7	3.6	0	0.0717
323	325.6	10.006	34.7	3.6	0	0.0745
324	326.6	9.998	34.7	3.5	0	0.0797
325	327.6	9.983	34.699	3.6	0	0.0726
326	328.6	9.962	34.698	3.7	0	0.0733
327	329.6	9.947	34.696	3.4	0	0.072
328	330.7	9.921	34.695	3.5	0	0.0733
329	331.7	9.909	34.695	3.6	0	0.0727
330	332.7	9.894	34.694	3.7	0	0.0733
331	333.7	9.878	34.692	3.5	0	0.0733
332	334.7	9.858	34.69	3.4	0	0.0728
333	335.7	9.837	34.688	3.5	0	0.0733
334	336.7	9.805	34.686	3.4	0	0.0738
335	337.7	9.791	34.687	3.5	0	0.0708
336	338.7	9.782	34.686	3.5	0	0.072
337	339.7	9.77	34.685	3.4	0	0.0756
338	340.7	9.753	34.684	3.6	0	0.0726
339	341.8	9.738	34.682	3.5	0	0.0733
340	342.8	9.717	34.681	3.5	0	0.0728
341	343.8	9.703	34.681	3.4	0	0.0724
342	344.8	9.703	34.683	3.5	0	0.0728
343	345.8	9.709	34.684	3.5	0	0.0724
344	346.8	9.716	34.686	3.5	0	0.0717
345	347.8	9.724	34.688	3.5	0	0.0775
346	348.8	9.725	34.689	3.4	0	0.0733
347	349.8	9.696	34.688	3.4	0	0.0733
348	350.8	9.662	34.685	3.4	0	0.0784
349	351.9	9.635	34.682	3.5	0	0.0733
350	352.9	9.614	34.681	3.4	0	0.0738
351	353.9	9.6	34.681	3.4	0	0.071
352	354.9	9.597	34.68	3.4	0	0.0726
353	355.9	9.591	34.679	3.4	0	0.0727
354	356.9	9.588	34.679	3.3	0	0.0724
355	357.9	9.575	34.678	3.4	0	0.0727
356	358.9	9.555	34.678	3.4	0	0.0719
357	359.9	9.537	34.676	3.6	0	0.0699
358	360.9	9.531	34.676	3.4	0	0.0733
359	361.9	9.529	34.676	3.5	0	0.0717
360	363.0	9.521	34.674	3.6	0	0.0733
361	364.0	9.506	34.673	3.6	0	0.0733
362	365.0	9.489	34.671	3.5	0	0.0733
363	366.0	9.47	34.67	3.6	0	0.0747
364	367.0	9.442	34.666	3.8	0	0.0717
365	368.0	9.407	34.663	3.8	0	0.073
366	369.0	9.389	34.662	3.7	0	0.0865
367	370.0	9.37	34.661	3.9	0	0.0873
368	371.0	9.361	34.661	4	0	0.071
369	372.0	9.36	34.66	3.9	0	0.0719
370	373.1	9.354	34.659	4	0	0.0733
371	374.1	9.334	34.657	4	0	0.0725
372	375.1	9.308	34.656	3.9	0	0.0754
373	376.1	9.29	34.655	4.1	0	0.0747
374	377.1	9.279	34.655	4.2	0	0.072
375	378.1	9.272	34.655	4.2	0	0.075
376	379.1	9.264	34.655	4.1	0	0.0864
377	380.1	9.254	34.657	4	0	0.0736
378	381.1	9.25	34.657	4	0	0.0733
379	382.1	9.249	34.658	4.1	0	0.0721
380	383.2	9.247	34.657	4.1	0	0.0724
381	384.2	9.245	34.657	4	0	0.0727
382	385.2	9.243	34.657	4.1	0	0.072
383	386.2	9.242	34.657	4.1	0	0.0733
384	387.2	9.242	34.657	4.1	0	0.0733
385	388.2	9.241	34.657	4.1	0	0.0726
386	389.2	9.24	34.656	4.2	0	0.0733
387	390.2	9.226	34.655	4.4	0	0.0733
388	391.2	9.216	34.654	4.3	0	0.0728
389	392.2	9.176	34.648	4.8	0	0.0733
390	393.2	9.109	34.64	5.3	0	0.0717
391	394.3	9.061	34.635	5.9	0	0.0724
392	395.3	9.016	34.634	5.9	0	0.0738
393	396.3	9.012	34.633	5.8	0	0.0722
394	397.3	9.005	34.632	5.9	0	0.0749
395	398.3	8.992	34.632	5.9	0	0.0775
396	399.3	8.98	34.631	6	0	0.071
397	400.3	8.966	34.63	6.1	0	0.0721
398	401.3	8.944	34.63	6.1	0	0.0716
399	402.3	8.94	34.63	6.2	0	0.0733
400	403.3	8.94	34.63	5.9	0	0.0722
401	404.4	8.925	34.629	5.9	0	0.0733
402	405.4	8.9	34.627	6.3	0	0.0724
403	406.4	8.884	34.626	6.4	0	0.0728
404	407.4	8.874	34.625	6.7	0	0.0728
405	408.4	8.852	34.623	6.9	0	0.0738
406	409.4	8.836	34.623	7.1	0	0.0722
407	410.4	8.821	34.622	7	0	0.0758
408	411.4	8.807	34.622	7	0	0.0733
409	412.4	8.804	34.621	7.1	0	0.0779
410	413.4	8.797	34.621	7.1	0	0.0733
411	414.4	8.778	34.619	7.4	0	0.071
412	415.5	8.761	34.618	7.5	0	0.0733
413	416.5	8.749	34.617	7.7	0	0.0737
414	417.5	8.732	34.616	7.7	0	0.0748
415	418.5	8.719	34.616	7.8	0	0.0728
416	419.5	8.706	34.615	7.8	0	0.0767
417	420.5	8.697	34.614	8.1	0	0.0728
418	421.5	8.692	34.614	8	0	0.0716
419	422.5	8.688	34.614	8.1	0	0.0733
420	423.5	8.683	34.613	8.1	0	0.0733
421	424.5	8.672	34.615	7.9	0	0.0733
422	425.6	8.655	34.614	7.9	0	0.0733
423	426.6	8.645	34.615	7.9	0	0.0721
424	427.6	8.644	34.615	7.9	0	0.0796
425	428.6	8.64	34.614	7.9	0	0.0725
426	429.6	8.636	34.614	8.1	0	0.0729
427	430.6	8.627	34.614	8.1	0	0.0929
428	431.6	8.618	34.614	8.1	0	0.0733
429	432.6	8.611	34.614	8	0	0.0763
430	433.6	8.591	34.612	8.1	0	0.0733
431	434.6	8.571	34.612	8.3	0	0.0721
432	435.6	8.567	34.612	8.4	0	0.0779
433	436.7	8.563	34.612	8.6	0	0.0739
434	437.7	8.56	34.611	8.5	0	0.0733
435	438.7	8.553	34.609	9	0	0.0733
436	439.7	8.517	34.605	9.9	0	0.0727
437	440.7	8.493	34.603	10.5	0	0.0738
438	441.7	8.48	34.602	10.6	0	0.0729
439	442.7	8.47	34.6	10.6	0	0.0729
440	443.7	8.446	34.598	10.8	0	0.0765
441	444.7	8.428	34.598	11	0	0.0791
442	445.7	8.408	34.597	11.1	0	0.0733
443	446.8	8.388	34.596	11.5	0	0.0745
444	447.8	8.37	34.594	11.8	0	0.0733
445	448.8	8.361	34.594	11.9	0	0.0733
446	449.8	8.346	34.593	11.8	0	0.0726
447	450.8	8.341	34.593	11.9	0	0.0733
448	451.8	8.336	34.592	12.1	0	0.0766
449	452.8	8.31	34.59	12.3	0	0.0729
450	453.8	8.306	34.594	11.4	0	0.072
451	454.8	8.314	34.595	10.9	0	0.0733
452	455.8	8.304	34.595	11	0	0.0733
453	456.9	8.281	34.593	11.4	0	0.0727
454	457.9	8.242	34.592	11.5	0	0.072
455	458.9	8.229	34.594	11.5	0	0.0726
456	459.9	8.215	34.592	12.2	0	0.0733
457	460.9	8.183	34.587	13.4	0	0.0733
458	461.9	8.146	34.584	14.2	0	0.0733
459	462.9	8.128	34.581	14.9	0	0.0728
460	463.9	8.093	34.58	15.2	0	0.0733
461	464.9	8.085	34.579	15.4	0	0.0722
462	465.9	8.069	34.578	15.6	0	0.0743
463	466.9	8.05	34.576	15.8	0	0.0711
464	468.0	8.036	34.575	16.1	0	0.0762
465	469.0	8.024	34.574	16.2	0	0.0757
466	470.0	8.015	34.573	16.2	0	0.0749
467	471.0	7.998	34.572	16.6	0	0.0802
468	472.0	7.978	34.571	17.2	0	0.072
469	473.0	7.965	34.57	17.3	0	0.0723
470	474.0	7.956	34.57	17.2	0	0.0728
471	475.0	7.951	34.569	17.2	0	0.0727
472	476.0	7.927	34.568	17.2	0	0.0726
473	477.0	7.902	34.568	17.3	0	0.0699
474	478.1	7.883	34.567	17.8	0	0.0711
475	479.1	7.864	34.566	17.9	0	0.0733
476	480.1	7.844	34.566	17.8	0	0.0733
477	481.1	7.84	34.566	17.7	0	0.074
478	482.1	7.831	34.565	17.6	0	0.0729
479	483.1	7.812	34.564	17.8	0	0.0719
480	484.1	7.782	34.563	18.6	0	0.0719
481	485.1	7.764	34.562	19.2	0	0.0727
482	486.1	7.751	34.56	19.8	0	0.0733
483	487.1	7.735	34.559	20.8	0	0.0725
484	488.1	7.699	34.555	21.6	0	0.072
485	489.2	7.685	34.555	22.2	0	0.0704
486	490.2	7.68	34.554	22.2	0	0.0721
487	491.2	7.678	34.554	22	0	0.0722
488	492.2	7.677	34.554	21.8	0	0.0716
489	493.2	7.675	34.553	21.6	0	0.0725
490	494.2	7.671	34.553	21.7	0	0.0733
491	495.2	7.666	34.552	21.9	0	0.0827
492	496.2	7.649	34.55	22.6	0	0.0722
493	497.2	7.622	34.549	23.4	0	0.0715
494	498.2	7.604	34.548	23.8	0	0.0733
495	499.3	7.599	34.548	24	0	0.072
496	500.3	7.593	34.547	24	0	0.0733
497	501.3	7.582	34.546	23.9	0	0.0715
498	502.3	7.568	34.547	24	0	0.071
499	503.3	7.567	34.547	23.5	0	0.0737
500	504.3	7.564	34.547	23.3	0	0.072
501	505.3	7.553	34.546	23.5	0	0.072
502	506.3	7.537	34.547	22.9	0	0.0728
503	507.3	7.522	34.547	23.1	0	0.0718
504	508.3	7.506	34.546	23.3	0	0.0727
505	509.4	7.495	34.546	23.7	0	0.0716
506	510.4	7.489	34.545	24	0	0.0733
507	511.4	7.481	34.544	24.1	0	0.0726
508	512.4	7.463	34.544	24.4	0	0.0714
509	513.4	7.455	34.544	24.6	0	0.0715
510	514.4	7.451	34.543	24.6	0	0.0718
511	515.4	7.443	34.543	24.6	0	0.0716
512	516.4	7.43	34.542	24.6	0	0.0725
513	517.4	7.414	34.541	24.8	0	0.0768
514	518.4	7.408	34.542	24.8	0	0.0723
515	519.4	7.407	34.541	24.7	0	0.0728
516	520.5	7.406	34.541	24.9	0	0.072
517	521.5	7.397	34.541	24.9	0	0.0714
518	522.5	7.381	34.54	24.9	0	0.0726
519	523.5	7.371	34.54	25.2	0	0.0946
520	524.5	7.36	34.54	25.3	0	0.0739
521	525.5	7.342	34.538	25.7	0	0.0723
522	526.5	7.33	34.538	25.9	0	0.0724
523	527.5	7.323	34.539	25	0	0.0776
524	528.5	7.32	34.54	24.4	0	0.0722
525	529.5	7.319	34.54	24.3	0	0.0723
526	530.6	7.316	34.54	24.1	0	0.0728
527	531.6	7.31	34.54	24	0	0.0723
528	532.6	7.294	34.54	24.2	0	0.0719
529	533.6	7.281	34.54	24.5	0	0.077
530	534.6	7.277	34.54	24.5	0	0.0756
531	535.6	7.274	34.539	24.3	0	0.072
532	536.6	7.273	34.54	23.7	0	0.072
533	537.6	7.273	34.542	23.3	0	0.0756
534	538.6	7.251	34.54	23.5	0	0.0722
535	539.6	7.232	34.539	24.5	0	0.0722
536	540.6	7.212	34.537	25.3	0	0.0715
537	541.7	7.204	34.537	25.5	0	0.0714
538	542.7	7.196	34.536	25.7	0	0.0724
539	543.7	7.183	34.535	26.4	0	0.0713
540	544.7	7.164	34.532	27.1	0	0.0727
541	545.7	7.161	34.534	26.8	0	0.071
542	546.7	7.161	34.534	26	0	0.0751
543	547.7	7.154	34.534	26	0	0.1192
544	548.7	7.144	34.533	26.6	0	0.0738
545	549.7	7.126	34.531	27.6	0	0.0722
546	550.7	7.103	34.53	28.6	0	0.0719
547	551.8	7.09	34.529	29.1	0	0.0695
548	552.8	7.086	34.529	28.7	0	0.0719
549	553.8	7.09	34.531	27.5	0	0.0701
550	554.8	7.085	34.53	26.9	0	0.0722
551	555.8	7.076	34.529	27.6	0	0.0733
552	556.8	7.055	34.527	29	0	0.0718
553	557.8	7.007	34.524	31	0	0.0711
554	558.8	6.995	34.523	32	0	0.0722
555	559.8	6.99	34.523	32	0	0.0836
556	560.8	6.979	34.521	32	0	0.0708
557	561.8	6.962	34.52	32.5	0	0.0716
558	562.9	6.949	34.519	33.3	0	0.077
559	563.9	6.93	34.516	34.5	0	0.0733
560	564.9	6.907	34.515	35.8	0	0.0697
561	565.9	6.895	34.514	36.3	0	0.0715
562	566.9	6.879	34.512	37	0	0.0722
563	567.9	6.868	34.511	37	0	0.0699
564	568.9	6.855	34.51	37.6	0	0.071
565	569.9	6.838	34.509	38.4	0	0.0678
566	570.9	6.829	34.508	38.7	0	0.0692
567	571.9	6.816	34.507	38.9	0	0.0716
568	573.0	6.803	34.506	39.4	0	0.0699
569	574.0	6.789	34.505	39.8	0	0.0724
570	575.0	6.774	34.504	40.2	0	0.0708
571	576.0	6.765	34.504	40.4	0	0.0701
572	577.0	6.756	34.503	40.6	0	0.0728
573	578.0	6.747	34.503	40.4	0	0.0716
574	579.0	6.74	34.502	40.5	0	0.0721
575	580.0	6.735	34.502	40.8	0	0.0692
576	581.0	6.732	34.502	41	0	0.0701
577	582.0	6.728	34.501	41	0	0.0683
578	583.1	6.721	34.501	41	0	0.0716
579	584.1	6.713	34.501	41.2	0	0.0833
580	585.1	6.705	34.5	41.8	0	0.0719
581	586.1	6.69	34.499	42.6	0	0.0678
582	587.1	6.66	34.495	44.4	0	0.0713
583	588.1	6.616	34.493	46.2	0	0.0706
584	589.1	6.607	34.493	46.9	0	0.0695
585	590.1	6.601	34.492	47	0	0.0705
586	591.1	6.594	34.492	47.1	0	0.0644
587	592.1	6.587	34.491	47	0	0.0677
588	593.1	6.58	34.491	46.7	0	0.0716
589	594.2	6.573	34.492	46.3	0	0.0677
590	595.2	6.571	34.492	46	0	0.0685
591	596.2	6.569	34.491	46	0	0.0709
592	597.2	6.566	34.491	45.9	0	0.0665
593	598.2	6.563	34.491	45.8	0	0.0695
594	599.2	6.553	34.491	45.9	0	0.0708
595	600.2	6.533	34.491	45.6	0	0.0688
596	601.2	6.528	34.492	45.4	0	0.0702
597	602.2	6.529	34.493	44.8	0	0.0708
598	603.2	6.53	34.493	44.3	0	0.0701
599	604.3	6.531	34.494	43.8	0	0.0687
600	605.3	6.531	34.494	43.8	0	0.0705
601	606.3	6.528	34.494	43.9	0	0.0729
602	607.3	6.514	34.493	44.3	0	0.0696
603	608.3	6.497	34.493	44.2	0	0.0701
604	609.3	6.487	34.492	45.3	0	0.0694
605	610.3	6.458	34.49	45.8	0	0.0709
606	611.3	6.47	34.496	43	0	0.0694
607	612.3	6.485	34.5	39.8	0	0.0692
608	613.3	6.483	34.5	38.6	0	0.0698
609	614.3	6.48	34.5	39	0	0.0692
610	615.4	6.476	34.5	39.5	0	0.0714
611	616.4	6.465	34.499	40.1	0	0.0708
612	617.4	6.452	34.498	40.6	0	0.0705
613	618.4	6.442	34.498	41.3	0	0.0703
614	619.4	6.436	34.498	41.3	0	0.0733
615	620.4	6.431	34.499	40.9	0	0.0717
616	621.4	6.431	34.499	40.3	0	0.0713
617	622.4	6.432	34.5	39.4	0	0.0728
618	623.4	6.43	34.502	38.5	0	0.0711
619	624.4	6.426	34.502	38.3	0	0.0708
620	625.5	6.41	34.501	38.9	0	0.072
621	626.5	6.404	34.501	39.5	0	0.0758
622	627.5	6.397	34.5	39.7	0	0.0726
623	628.5	6.396	34.5	39.9	0	0.0726
624	629.5	6.386	34.5	39.4	0	0.0727
625	630.5	6.371	34.501	39.3	0	0.0719
626	631.5	6.365	34.501	39.1	0	0.0701
627	632.5	6.362	34.501	38.6	0	0.072
628	633.5	6.364	34.502	38.1	0	0.0708
629	634.5	6.366	34.503	37.6	0	0.0694
630	635.6	6.362	34.503	37.5	0	0.0824
631	636.6	6.351	34.502	37.8	0	0.0727
632	637.6	6.34	34.502	38.1	0	0.0711
633	638.6	6.337	34.502	38.2	0	0.0714
634	639.6	6.337	34.502	37.9	0	0.072
635	640.6	6.331	34.502	38.1	0	0.0743
636	641.6	6.32	34.501	38.3	0	0.0677
637	642.6	6.307	34.501	38.4	0	0.0714
638	643.6	6.294	34.501	38.4	0	0.0728
639	644.6	6.288	34.502	38.4	0	0.0708
640	645.6	6.274	34.501	38.6	0	0.0696
641	646.7	6.252	34.5	39.1	0	0.0701
642	647.7	6.242	34.5	39.2	0	0.0686
643	648.7	6.23	34.499	39.6	0	0.0694
644	649.7	6.217	34.499	39.7	0	0.0733
645	650.7	6.213	34.499	39.7	0	0.0733
646	651.7	6.211	34.499	39.5	0	0.0726
647	652.7	6.21	34.499	39.7	0	0.069
648	653.7	6.207	34.499	39.7	0	0.072
649	654.7	6.198	34.499	39.4	0	0.0733
650	655.7	6.186	34.497	39.9	0	0.0698
651	656.8	6.152	34.495	41.1	0	0.0715
652	657.8	6.127	34.496	41.3	0	0.0729
653	658.8	6.11	34.495	41.4	0	0.0728
654	659.8	6.106	34.495	41.5	0	0.0701
655	660.8	6.104	34.495	41.4	0	0.0712
656	661.8	6.101	34.495	41.5	0	0.0682
657	662.8	6.098	34.495	41.6	0	0.0685
658	663.8	6.097	34.495	41.4	0	0.0705
659	664.8	6.095	34.495	41.4	0	0.0705
660	665.8	6.094	34.494	41.7	0	0.0715
661	666.8	6.092	34.494	41.5	0	0.0714
662	667.9	6.09	34.494	41.5	0	0.0708
663	668.9	6.088	34.494	41.9	0	0.0714
664	669.9	6.087	34.494	41.5	0	0.0723
665	670.9	6.084	34.494	41.5	0	0.0733
666	671.9	6.079	34.494	41.5	0	0.0714
667	672.9	6.069	34.493	41.8	0	0.0703
668	673.9	6.064	34.493	42.1	0	0.0698
669	674.9	6.061	34.493	41.9	0	0.0714
670	675.9	6.058	34.493	41.8	0	0.0692
671	676.9	6.05	34.493	41.9	0	0.0696
672	678.0	6.036	34.494	41.7	0	0.0709
673	679.0	6.03	34.494	41.7	0	0.0709
674	680.0	6.028	34.494	41.5	0	0.0773
675	681.0	6.027	34.494	41.6	0	0.0713
676	682.0	6.026	34.494	41.9	0	0.0712
677	683.0	6.023	34.493	41.5	0	0.0702
678	684.0	6.017	34.494	41.5	0	0.0711
679	685.0	6.017	34.494	41.6	0	0.0712
680	686.0	6.013	34.494	41.5	0	0.0709
681	687.0	6.009	34.494	41.7	0	0.0708
682	688.0	6.005	34.493	41.7	0	0.0707
683	689.1	6.002	34.494	41.9	0	0.0705
684	690.1	5.999	34.494	42	0	0.0692
685	691.1	5.996	34.493	42	0	0.0715
686	692.1	5.994	34.493	41.9	0	0.0718
687	693.1	5.993	34.493	41.9	0	0.0733
688	694.1	5.991	34.493	42	0	0.0724
689	695.1	5.988	34.493	41.9	0	0.0707
690	696.1	5.975	34.493	42.1	0	0.0717
691	697.1	5.968	34.493	42.4	0	0.0719
692	698.1	5.96	34.493	42.3	0	0.0717
693	699.2	5.959	34.493	42.3	0	0.0678
694	700.2	5.957	34.493	42.2	0	0.0714
695	701.2	5.956	34.493	42.1	0	0.0733
696	702.2	5.955	34.493	42.2	0	0.0771
697	703.2	5.955	34.493	42.2	0	0.0702
698	704.2	5.951	34.493	42.2	0	0.071
699	705.2	5.946	34.493	42.1	0	0.07
700	706.2	5.944	34.493	42.2	0	0.0701
701	707.2	5.942	34.493	42.2	0	0.0698
702	708.2	5.938	34.493	42.2	0	0.0715
703	709.3	5.93	34.493	42.2	0	0.0706
704	710.3	5.922	34.493	42.2	0	0.0712
705	711.3	5.915	34.493	42.3	0	0.071
706	712.3	5.907	34.493	42.3	0	0.1192
707	713.3	5.896	34.493	42.3	0	0.1033
708	714.3	5.889	34.493	42.6	0	0.0692
709	715.3	5.886	34.493	42.7	0	0.0724
710	716.3	5.885	34.493	42.7	0	0.0715
711	717.3	5.882	34.492	42.6	0	0.0704
712	718.3	5.879	34.492	42.5	0	0.0711
713	719.3	5.879	34.492	42.5	0	0.0715
714	720.4	5.877	34.492	42.5	0	0.072
715	721.4	5.876	34.492	42.6	0	0.0712
716	722.4	5.873	34.492	42.6	0	0.0876
717	723.4	5.866	34.492	42.6	0	0.0739
718	724.4	5.855	34.492	42.6	0	0.0704
719	725.4	5.851	34.493	42.6	0	0.069
720	726.4	5.847	34.492	42.8	0	0.0712
721	727.4	5.843	34.492	43	0	0.0705
722	728.4	5.841	34.492	42.8	0	0.0704
723	729.4	5.838	34.492	42.8	0	0.07
724	730.5	5.831	34.492	42.8	0	0.0702
725	731.5	5.824	34.492	42.8	0	0.0718
726	732.5	5.822	34.492	43	0	0.0711
727	733.5	5.82	34.492	43	0	0.0716
728	734.5	5.812	34.492	42.6	0	0.0725
729	735.5	5.799	34.493	42.6	0	0.0724
730	736.5	5.794	34.493	42.8	0	0.0705
731	737.5	5.782	34.492	43.1	0	0.0688
732	738.5	5.771	34.493	43	0	0.0701
733	739.5	5.766	34.493	43	0	0.0696
734	740.5	5.757	34.493	43	0	0.0698
735	741.6	5.755	34.493	43	0	0.0713
736	742.6	5.751	34.493	43.1	0	0.0692
737	743.6	5.748	34.492	43.2	0	0.0718
738	744.6	5.739	34.492	43.3	0	0.0711
739	745.6	5.73	34.492	43.5	0	0.0694
740	746.6	5.727	34.492	43.6	0	0.0694
741	747.6	5.726	34.492	43.6	0	0.0713
742	748.6	5.724	34.492	43.6	0	0.0733
743	749.6	5.719	34.492	43.5	0	0.0707
744	750.6	5.716	34.492	43.7	0	0.073
745	751.7	5.711	34.492	43.5	0	0.071
746	752.7	5.708	34.492	43.5	0	0.0708
747	753.7	5.703	34.492	43.6	0	0.0721
748	754.7	5.691	34.492	43.6	0	0.0707
749	755.7	5.682	34.492	43.7	0	0.0711
750	756.7	5.679	34.492	44	0	0.0733
751	757.7	5.677	34.492	44.1	0	0.0705
752	758.7	5.673	34.492	44.1	0	0.0714
753	759.7	5.669	34.492	44	0	0.0717
754	760.7	5.665	34.492	44.2	0	0.0712
755	761.8	5.659	34.492	44.3	0	0.0708
756	762.8	5.653	34.492	44	0	0.0713
757	763.8	5.648	34.492	44.2	0	0.0724
758	764.8	5.643	34.492	44.3	0	0.0727
759	765.8	5.64	34.492	44.4	0	0.0708
760	766.8	5.638	34.492	44.4	0	0.0726
761	767.8	5.633	34.492	44.3	0	0.0714
762	768.8	5.628	34.492	44.5	0	0.0704
763	769.8	5.622	34.492	44.6	0	0.0726
764	770.8	5.614	34.492	44.5	0	0.07
765	771.8	5.607	34.492	45	0	0.0711
766	772.9	5.605	34.492	44.8	0	0.0703
767	773.9	5.6	34.492	44.6	0	0.0701
768	774.9	5.593	34.492	44.6	0	0.0704
769	775.9	5.589	34.492	44.6	0	0.0695
770	776.9	5.579	34.491	45.1	0	0.0728
771	777.9	5.573	34.491	45.8	0	0.0722
772	778.9	5.564	34.491	46	0	0.0712
773	779.9	5.56	34.49	46.3	0	0.0692
774	780.9	5.556	34.49	46.3	0	0.0697
775	781.9	5.545	34.49	46.4	0	0.0705
776	783.0	5.537	34.49	46.3	0	0.071
777	784.0	5.532	34.491	45.9	0	0.072
778	785.0	5.532	34.491	45.7	0	0.0696
779	786.0	5.532	34.492	45.6	0	0.0721
780	787.0	5.532	34.492	45.5	0	0.0722
781	788.0	5.532	34.492	45.3	0	0.0707
782	789.0	5.532	34.492	45.1	0	0.0681
783	790.0	5.531	34.492	45.4	0	0.0729
784	791.0	5.531	34.492	45.4	0	0.0708
785	792.0	5.528	34.492	45.1	0	0.0722
786	793.0	5.521	34.492	45.1	0	0.0716
787	794.1	5.512	34.492	45.2	0	0.0726
788	795.1	5.505	34.492	45.4	0	0.0688
789	796.1	5.498	34.492	45.8	0	0.0701
790	797.1	5.484	34.492	46	0	0.0696
791	798.1	5.477	34.492	45.9	0	0.0724
792	799.1	5.467	34.491	46.4	0	0.0696
793	800.1	5.455	34.492	46.8	0	0.0711
794	801.1	5.453	34.492	46.7	0	0.072
795	802.1	5.441	34.491	46.6	0	0.0684
796	803.1	5.432	34.492	47	0	0.0684
797	804.2	5.409	34.491	47.3	0	0.0716
798	805.2	5.396	34.491	47.9	0	0.0695
799	806.2	5.391	34.491	48.4	0	0.0691
800	807.2	5.389	34.491	48.5	0	0.069
801	808.2	5.387	34.49	48.6	0	0.0741
802	809.2	5.385	34.49	48.5	0	0.0688
803	810.2	5.386	34.49	48.4	0	0.0699
804	811.2	5.385	34.49	48.6	0	0.0708
805	812.2	5.384	34.49	48.5	0	0.072
806	813.2	5.383	34.49	48.4	0	0.0704
807	814.2	5.382	34.49	48.7	0	0.0684
808	815.3	5.38	34.49	48.7	0	0.0665
809	816.3	5.379	34.49	48.4	0	0.0687
810	817.3	5.377	34.49	48.4	0	0.0702
811	818.3	5.375	34.49	48.7	0	0.0696
812	819.3	5.374	34.49	48.9	0	0.0697
813	820.3	5.372	34.49	48.7	0	0.0689
814	821.3	5.368	34.489	48.8	0	0.0719
815	822.3	5.36	34.49	49.1	0	0.0705
816	823.3	5.354	34.49	49.2	0	0.0707
817	824.3	5.349	34.49	49	0	0.0699
818	825.4	5.345	34.49	48.9	0	0.0714
819	826.4	5.344	34.49	49.1	0	0.0707
820	827.4	5.333	34.49	49.2	0	0.0677
821	828.4	5.323	34.49	49.5	0	0.0692
822	829.4	5.319	34.49	49.3	0	0.0703
823	830.4	5.317	34.49	49.4	0	0.0704
824	831.4	5.315	34.49	49.6	0	0.0712
825	832.4	5.312	34.49	49.5	0	0.0695
826	833.4	5.308	34.49	49.4	0	0.0701
827	834.4	5.302	34.49	49.4	0	0.0711
828	835.5	5.296	34.491	49.5	0	0.0708
829	836.5	5.295	34.491	49.4	0	0.0717
830	837.5	5.291	34.491	49.6	0	0.0786
831	838.5	5.287	34.491	49.3	0	0.0707
832	839.5	5.285	34.491	49.4	0	0.0684
833	840.5	5.284	34.491	49.6	0	0.0698
834	841.5	5.284	34.491	49.8	0	0.0705
835	842.5	5.278	34.49	49.7	0	0.0686
836	843.5	5.27	34.491	49.8	0	0.0716
837	844.5	5.267	34.491	49.7	0	0.07
838	845.5	5.256	34.491	49.7	0	0.0684
839	846.6	5.252	34.491	50	0	0.0701
840	847.6	5.247	34.491	50.3	0	0.069
841	848.6	5.243	34.491	50	0	0.0703
842	849.6	5.237	34.492	50	0	0.0689
843	850.6	5.235	34.492	50	0	0.0698
844	851.6	5.229	34.491	50	0	0.0687
845	852.6	5.221	34.492	50	0	0.0683
846	853.6	5.209	34.492	50.1	0	0.0704
847	854.6	5.203	34.493	50.3	0	0.0721
848	855.6	5.201	34.493	50.5	0	0.0694
849	856.7	5.196	34.493	50.3	0	0.069
850	857.7	5.193	34.493	50.2	0	0.0705
851	858.7	5.188	34.493	50.1	0	0.0698
852	859.7	5.181	34.493	50	0	0.0698
853	860.7	5.172	34.493	50	0	0.0708
854	861.7	5.166	34.494	49.9	0	0.069
855	862.7	5.159	34.494	50.1	0	0.0695
856	863.7	5.148	34.495	50	0	0.0685
857	864.7	5.145	34.495	50.1	0	0.0701
858	865.7	5.142	34.495	50.1	0	0.069
859	866.7	5.139	34.495	50.1	0	0.0706
860	867.8	5.136	34.495	50.2	0	0.0705
861	868.8	5.132	34.495	50.2	0	0.0702
862	869.8	5.129	34.495	50.2	0	0.0714
863	870.8	5.129	34.495	50.2	0	0.068
864	871.8	5.128	34.495	50.2	0	0.0705
865	872.8	5.127	34.495	50.2	0	0.0699
866	873.8	5.123	34.495	50.2	0	0.0689
867	874.8	5.114	34.495	50.3	0	0.07
868	875.8	5.112	34.495	50.2	0	0.072
869	876.8	5.11	34.495	50.2	0	0.0713
870	877.9	5.108	34.495	50.3	0	0.068
871	878.9	5.102	34.495	50.3	0	0.071
872	879.9	5.099	34.496	50.3	0	0.1007
873	880.9	5.098	34.496	50.3	0	0.0705
874	881.9	5.096	34.496	50.3	0	0.0719
875	882.9	5.095	34.496	50.4	0	0.0692
876	883.9	5.093	34.496	50.3	0	0.0728
877	884.9	5.092	34.496	50.5	0	0.0704
878	885.9	5.089	34.496	50.3	0	0.0701
879	886.9	5.084	34.496	50.3	0	0.0677
880	888.0	5.081	34.496	50.4	0	0.0711
881	889.0	5.075	34.496	50.4	0	0.0702
882	890.0	5.066	34.496	50.5	0	0.0708
883	891.0	5.053	34.497	50.8	0	0.0708
884	892.0	5.049	34.497	51	0	0.0688
885	893.0	5.047	34.497	50.9	0	0.0684
886	894.0	5.046	34.497	50.8	0	0.0699
887	895.0	5.046	34.497	50.6	0	0.0719
888	896.0	5.045	34.497	50.7	0	0.069
889	897.0	5.04	34.497	50.7	0	0.0707
890	898.0	5.031	34.497	51.1	0	0.0712
891	899.1	5.02	34.497	51.3	0	0.07
892	900.1	5.012	34.498	51.2	0	0.0726
893	901.1	5.005	34.498	51.1	0	0.0694
894	902.1	5.002	34.498	51.2	0	0.0717
895	903.1	5.002	34.498	51.4	0	0.0726
896	904.1	5.001	34.498	51.8	0	0.0678
897	905.1	4.998	34.498	51.6	0	0.0719
898	906.1	4.994	34.498	51.6	0	0.069
899	907.1	4.991	34.498	51.6	0	0.0682
900	908.1	4.987	34.498	51.6	0	0.0711
901	909.2	4.984	34.498	51.5	0	0.0694
902	910.2	4.981	34.498	51.6	0	0.0696
903	911.2	4.978	34.498	51.8	0	0.072
904	912.2	4.975	34.498	52.1	0	0.0694
905	913.2	4.972	34.498	52.3	0	0.0733
906	914.2	4.964	34.497	52.9	0	0.0733
907	915.2	4.95	34.496	53.1	0	0.0704
908	916.2	4.938	34.497	53.4	0	0.0688
909	917.2	4.931	34.498	53.8	0	0.0686
910	918.2	4.927	34.498	54	0	0.0716
911	919.2	4.923	34.497	53.7	0	0.0713
912	920.3	4.921	34.497	53.7	0	0.0693
913	921.3	4.92	34.497	53.7	0	0.0707
914	922.3	4.919	34.498	53.7	0	0.0685
915	923.3	4.905	34.496	54.1	0	0.0694
916	924.3	4.866	34.497	55.3	0	0.069
917	925.3	4.859	34.497	56.1	0	0.0704
918	926.3	4.859	34.497	56.1	0	0.0694
919	927.3	4.857	34.497	56.1	0	0.0681
920	928.3	4.853	34.497	56.3	0	0.0699
921	929.3	4.843	34.496	56.5	0	0.0692
922	930.4	4.838	34.496	56.8	0	0.0704
923	931.4	4.837	34.496	56.9	0	0.0647
924	932.4	4.83	34.496	56.8	0	0.0664
925	933.4	4.827	34.496	56.8	0	0.069
926	934.4	4.822	34.496	56.5	0	0.0678
927	935.4	4.808	34.497	56.3	0	0.0686
928	936.4	4.794	34.499	56.3	0	0.0695
929	937.4	4.79	34.5	56.1	0	0.0658
930	938.4	4.789	34.5	56	0	0.0699
931	939.4	4.786	34.5	56	0	0.0692
932	940.4	4.783	34.501	55.7	0	0.07
933	941.5	4.777	34.501	55.4	0	0.0725
934	942.5	4.77	34.501	55.6	0	0.0718
935	943.5	4.762	34.501	56	0	0.0692
936	944.5	4.754	34.502	56	0	0.0674
937	945.5	4.745	34.503	56.2	0	0.0709
938	946.5	4.742	34.503	56.3	0	0.0706
939	947.5	4.74	34.503	56.3	0	0.0717
940	948.5	4.739	34.503	56.2	0	0.0669
941	949.5	4.739	34.503	56.1	0	0.0686
942	950.5	4.738	34.503	56	0	0.0681
943	951.6	4.735	34.503	56.4	0	0.0688
944	952.6	4.733	34.503	56.3	0	0.069
945	953.6	4.73	34.503	56.3	0	0.0681
946	954.6	4.726	34.503	56.7	0	0.072
947	955.6	4.724	34.503	56.5	0	0.0682
948	956.6	4.721	34.503	56.4	0	0.0698
949	957.6	4.715	34.503	56.4	0	0.068
950	958.6	4.71	34.504	56.5	0	0.0658
951	959.6	4.708	34.504	56.7	0	0.0689
952	960.6	4.707	34.504	56.9	0	0.0687
953	961.7	4.706	34.504	56.7	0	0.0694
954	962.7	4.705	34.504	56.7	0	0.0683
955	963.7	4.703	34.504	56.9	0	0.0684
956	964.7	4.702	34.504	56.8	0	0.0682
957	965.7	4.701	34.504	56.8	0	0.0686
958	966.7	4.699	34.504	56.9	0	0.068
959	967.7	4.698	34.504	56.8	0	0.068
960	968.7	4.697	34.504	57	0	0.069
961	969.7	4.695	34.504	57.2	0	0.0689
962	970.7	4.694	34.504	57.1	0	0.0702
963	971.7	4.69	34.504	57.1	0	0.0722
964	972.8	4.687	34.504	57	0	0.0696
965	973.8	4.681	34.504	57.1	0	0.0694
966	974.8	4.679	34.504	57.3	0	0.069
967	975.8	4.675	34.504	57.3	0	0.0694
968	976.8	4.667	34.505	57.8	0	0.0694
969	977.8	4.658	34.505	57.5	0	0.0679
970	978.8	4.656	34.505	58	0	0.0667
971	979.8	4.652	34.505	58	0	0.0695
972	980.8	4.648	34.505	58.1	0	0.0698
973	981.8	4.647	34.505	58.2	0	0.0669
974	982.9	4.647	34.505	58	0	0.069
975	983.9	4.644	34.505	58.1	0	0.0702
976	984.9	4.642	34.505	58.4	0	0.0697
977	985.9	4.639	34.505	58.5	0	0.0712
978	986.9	4.629	34.505	58.4	0	0.0694
979	987.9	4.614	34.505	58.8	0	0.0708
980	988.9	4.604	34.506	59.1	0	0.0689
981	989.9	4.601	34.506	59.2	0	0.0678
982	990.9	4.6	34.506	59.2	0	0.0694
983	991.9	4.599	34.506	58.9	0	0.068
984	992.9	4.597	34.506	58.9	0	0.0703
985	994.0	4.597	34.506	59.2	0	0.0696
986	995.0	4.597	34.506	59.3	0	0.0679
987	996.0	4.595	34.506	59.3	0	0.0668
988	997.0	4.594	34.506	59.2	0	0.0717
989	998.0	4.591	34.506	59	0	0.0687
990	999.0	4.59	34.507	59.1	0	0.0705
991	1000.0	4.589	34.507	59.2	0	0.0705
992	1001.0	4.585	34.507	59.1	0	0.0672
993	1002.0	4.58	34.507	59.4	0	0.0673
994	1003.0	4.577	34.507	59.6	0	0.0686
995	1004.1	4.575	34.507	59.4	0	0.0677
996	1005.1	4.574	34.507	59.4	0	0.0669
997	1006.1	4.571	34.507	59.6	0	0.0712
998	1007.1	4.562	34.507	60.2	0	0.0697
999	1008.1	4.545	34.507	60.2	0	0.0692
1000	1009.1	4.535	34.508	60.4	0	0.0668